###################################################
################## Config #########################

basis: 631Gss
solver_type: RHF
run_type: single # Can be single or minimize
atoms:
  - name: C
    charge: 6
    position: [0.0, 0.0, 0.0]
  - name: H
    charge: 1
    position: [2.052186296, 0.0, 0.0]
  - name: H
    charge: 1
    position: [-0.6385499776, -1.950453076, 0.0]
  - name: H
    charge: 1
    position: [-0.6447759411, 0.8872302084, 1.734493746]
  - name: C
    charge: 6
    position: [-1.030370302, 1.406451737, -2.325099769]
  - name: H
    charge: 1
    position: [-3.082704898, 1.393855264, -2.330340211]
  - name: H
    charge: 1
    position: [-0.3808002939, 0.5164285952, -4.056641493]
  - name: H
    charge: 1
    position: [-0.4019080334, 3.360350855, -2.334080765]
n_electrons: 18

density:
  corner1: [-7.0, -7.0, -7.0]
  corner2: [7.0, 7.0, 7.0]
  dx: 0.14
  dy: 0.14
  dz: 0.14
