###################################################
################## Config #########################

basis: 631Gss
solver_type: RHF
perturbation_order: 3
run_type: single # Can be single or minimize
atoms:
  - name: C
    charge: 6
    position: [0.0, 0.0, 0.0]
  - name: H
    charge: 1
    position: [1.1835680518387328, 1.1835680518387328, 1.1835680518387328]
  - name: H
    charge: 1
    position: [-1.1835680518387328, -1.1835680518387328, 1.1835680518387328]
  - name: H
    charge: 1
    position: [1.1835680518387328, -1.1835680518387328, -1.1835680518387328]
  - name: H
    charge: 1
    position: [-1.1835680518387328, 1.1835680518387328, -1.1835680518387328]
n_electrons: 10
density:
  corner1: [-3.0, -3.0, -3.0]
  corner2: [3.0, 3.0, 3.0]
  dx: 0.06
  dy: 0.06
  dz: 0.06
